35871 35229 577 567
38105 33704 584 563
35243 36889 573 569
35959 36191 590 563
36559 35627 574 559
35175 37106 569 562
37161 35197 572 558
36562 35898 579 560
37416 35096 571 567
34070 38620 581 574
36261 36469 593 567
36260 36697 570 563
37009 36031 571 557
35933 37073 589 564
36725 36379 581 561
36443 36647 587 565
35310 37864 589 571
37313 35893 583 564
38748 34545 609 555
37490 35868 581 570
36729 36654 584 560
36416 36980 584 570
36469 37083 577 567
37992 35509 568 557
36180 37385 575 571
37009 36668 571 572
36210 37489 578 566
37595 36167 580 561
36078 37684 578 565
36831 36873 592 569
37939 35867 575 568
38943 35016 579 567
38714 35257 589 564
36789 37247 589 564
38318 35783 576 564
36669 37416 576 560
36867 37256 577 562
37450 36671 575 567
37334 36914 575 561
36647 37637 579 562
37286 37030 577 561
38702 35767 573 566
37802 36620 581 572
37964 36521 592 564
37499 37018 581 565
38946 35614 573 557
37983 36551 574 576
37546 37046 577 567
38222 36446 578 567
38119 36525 583 563
38517 36164 579 564
39674 35002 583 579
37192 37460 571 560
38452 36251 583 567
38881 35772 580 571
37679 37018 576 567
37908 36852 578 570
37277 37488 578 566
40132 34626 579 557
39779 35025 582 561
39501 35315 593 567
38854 35923 588 561
39175 35607 578 578
38910 35923 586 573
34317 38535 568 554
35826 37078 560 553
35085 38325 564 553
36469 37429 566 548
35685 38571 562 558
35955 38401 562 558
37644 37340 566 550
36387 38699 564 552
36524 38618 560 552
37602 37542 566 553
37106 38137 568 556
36224 39033 564 555
36522 38761 559 551
36323 39060 564 552
36750 38670 562 557
37010 38520 559 567
37756 37826 570 552
37038 38566 560 552
37879 37723 562 558
36528 39110 562 552
38060 37672 565 552
35899 39891 564 551
37645 38167 566 553
37924 38017 565 552
37171 38786 568 555
36975 39007 571 557
37351 38628 562 557
37337 38720 564 551
37599 38508 560 557
37485 38625 563 554
37377 38797 563 556
37504 38656 558 559
37444 38750 564 557
36942 39320 560 559
37963 38295 570 555
37707 38560 561 568
38529 37819 559 555
37751 38736 561 552
39456 37072 562 557
39710 36810 560 555
37334 39247 564 556
38874 37708 567 553
38052 38498 569 554
38509 38147 570 553
37629 38986 567 566
37874 38833 563 556
38079 38595 560 563
37531 39164 568 552
38582 38176 558 553
38444 38305 564 553
39321 37505 562 551
38991 37805 564 554
38557 38269 575 557
37753 39108 568 552
38356 38502 560 555
38796 38101 559 551
39605 37306 560 551
39039 37867 560 558
39222 37712 559 554
39549 37388 565 555
38818 38142 565 566
39243 37781 569 554
39715 37320 563 553
38962 38056 562 556
35656 36037 576 594
35148 37145 578 590
36325 36631 580 624
35996 37057 584 598
36362 36755 589 599
36186 36981 584 596
37310 36091 582 596
38254 35210 577 600
35900 37767 585 602
36060 37790 582 601
37237 36818 576 595
36351 37774 583 590
34420 39741 581 595
37519 37077 580 603
37186 37462 575 603
36912 37783 591 599
35157 39472 588 598
36565 38295 581 600
37920 37037 582 605
36953 38098 580 620
37232 37873 585 596
36808 38276 585 607
37671 37613 579 595
37142 38187 589 597
36805 38544 588 597
37443 37912 583 603
37263 38105 577 609
36757 38626 591 602
37057 38329 585 610
36953 38457 581 597
37582 37918 590 602
37874 37586 592 611
38173 37541 577 592
37278 38453 581 609
36590 39243 574 605
36072 39795 581 601
37807 38092 582 604
38286 37770 578 622
36724 39330 583 601
38997 37116 581 611
38006 38118 578 599
37540 38698 578 605
39398 36744 579 621
38234 37999 580 609
39159 37111 574 635
38998 37304 579 603
38181 38179 583 618
38701 37625 578 607
37752 38571 579 600
37990 38396 582 601
39771 36634 576 619
39009 37398 580 599
38774 37626 575 629
38118 38339 581 610
39003 37547 579 611
37882 38644 582 608
39109 37482 579 619
38796 37801 578 606
39312 37311 592 607
38715 37867 578 622
40047 36562 581 610
39892 36733 578 603
40468 36209 581 619
40129 36538 586 608
36182 36289 637 665
35382 38845 645 714
35328 39102 778 653
37736 36779 659 648
36271 38265 699 626
36141 38580 630 637
38941 35845 636 628
36168 38635 713 664
38781 36311 635 635
37324 37879 612 637
36101 39178 611 619
36972 38454 666 642
37560 37908 679 626
36766 38814 612 647
36773 38903 638 650
38709 37264 646 658
36236 39798 660 617
38289 37776 637 626
39651 36434 655 628
37961 38118 667 622
39510 36624 630 729
37448 38772 693 624
38953 37363 627 644
38669 37645 629 658
36882 39615 638 658
39184 37359 618 639
39189 37414 612 651
40228 36454 639 639
38782 37965 712 673
38790 38129 619 644
37655 39323 621 643
37204 39792 655 623
35749 41168 638 659
37505 39555 639 637
37777 39232 688 645
36580 40444 670 644
39031 38138 601 641
37960 39253 676 645
38620 38574 629 671
37404 39879 643 647
38328 38909 712 649
38453 38871 688 651
38984 38516 622 655
39064 38468 668 652
38680 38809 624 675
38624 38923 650 686
40034 37567 624 638
38820 38856 632 653
38492 39218 630 630
39568 38051 630 637
38039 39637 663 678
40077 37672 636 633
40032 37705 641 650
38881 38772 748 660
40042 37834 619 653
39822 38044 615 691
39613 38178 728 629
40683 37135 662 644
38643 39161 646 660
39630 38275 660 625
39849 38112 639 632
39429 38590 629 637
40099 37933 618 654
41541 36515 615 635
34295 37808 567 589
33879 38212 580 596
34309 38408 567 589
35685 37067 578 588
36925 36242 573 580
36206 37640 569 582
35309 38535 570 589
35928 38008 568 582
36856 37169 577 578
36777 37419 567 587
36603 37564 574 581
36292 37948 568 584
36880 37416 572 581
36482 37911 579 592
36871 37609 577 584
36352 38363 572 586
36986 37751 570 584
34951 39838 569 583
36943 37917 570 591
37869 37145 567 589
38407 36701 576 583
36234 38849 571 585
38496 36599 583 591
36717 38760 569 593
37706 37846 575 592
36105 39490 574 584
36961 38677 574 580
36996 38650 582 607
35790 39889 587 588
38422 37312 571 586
38733 37077 576 585
38933 36894 572 580
38273 37586 572 582
39994 35815 575 595
36963 38979 573 594
38060 38047 572 585
38367 37764 571 589
37093 39033 587 597
37063 39064 576 590
39042 37215 580 594
37664 38563 577 592
38204 38174 576 592
38369 37975 572 594
37987 38418 577 593
37858 38588 578 597
37832 38576 585 590
37070 39377 570 598
36967 39473 573 599
38104 38349 580 589
38730 37752 579 604
37224 39339 573 588
38858 37634 572 589
40640 35879 578 599
40061 36446 581 586
37432 39104 573 591
38709 37953 586 611
38785 37862 570 596
37348 39382 567 596
39636 37047 567 604
38822 37868 569 598
40278 36485 577 593
39435 37335 575 608
41400 35350 574 611
39486 37341 574 606
34812 33306 582 603
34768 34459 582 607
34338 35781 581 603
34255 36035 586 612
33677 36751 582 606
35035 35581 582 605
35270 35445 580 605
35036 35628 582 609
35243 35579 599 606
35263 35969 583 606
35549 35709 583 611
35254 36014 585 617
34415 36814 593 604
35909 35416 580 608
34590 36763 582 604
35031 36275 588 605
34514 36844 587 614
36842 34732 584 604
36565 35175 581 607
35544 36210 580 612
35210 36559 580 605
36140 35589 582 602
34549 37448 585 608
34619 37338 582 611
35801 36261 587 603
35376 36678 584 606
35656 36389 581 610
35273 36822 582 608
36668 35673 588 606
35307 37021 579 605
36475 35800 579 606
35717 36557 584 613
35683 36642 595 605
36735 35739 588 607
37343 35195 591 606
36028 36414 582 610
36543 35915 582 611
36189 36349 581 606
36128 36414 582 605
36915 35608 586 609
35829 36741 588 604
35532 37130 581 611
35918 36752 581 605
36412 36312 584 611
36392 36378 592 605
35957 36736 586 612
35311 37495 587 607
36929 35827 582 605
37188 35619 581 606
37748 35053 579 604
36068 36792 589 607
37157 35742 585 607
36927 36004 579 611
36633 36280 583 614
36535 36352 585 608
36241 36678 584 608
36955 36052 583 606
36792 36122 586 634
37546 35411 587 606
36910 36141 587 608
37738 35233 585 604
37646 35428 587 616
38494 34501 584 606
39344 33676 585 602
35146 35178 554 569
33110 37544 547 575
34479 36491 562 572
34481 36599 551 577
34749 36349 550 578
35246 36038 552 574
35172 36411 549 571
35309 36708 554 572
33840 38273 553 567
35506 36948 555 579
35840 36698 548 572
35911 36668 552 571
35393 37261 550 573
35139 37459 549 575
35399 37246 554 570
35557 37121 549 566
35156 37610 550 570
34741 38273 552 596
35876 37201 553 571
35266 37935 551 576
35677 37666 561 586
34904 38563 559 569
35322 38133 549 572
36436 37118 549 584
35583 37961 553 581
35394 38157 557 579
35921 37699 555 581
36733 36894 546 583
36511 37160 552 573
35021 38839 552 582
36925 36932 554 587
35355 38460 550 575
36789 37036 556 579
36567 37247 568 585
35686 38257 547 579
35648 38243 550 575
37316 36686 550 583
37095 36891 552 580
36328 37713 558 584
37676 36425 549 585
36828 37234 550 586
36287 37827 555 577
36436 37673 552 590
36817 37341 549 582
36497 37647 550 583
37061 37194 553 592
35331 38971 551 581
36993 37253 551 585
37312 36961 558 581
37324 36987 553 584
37385 36963 549 595
37870 36490 552 591
36847 37529 550 589
37058 37304 553 608
36972 37505 552 597
36849 37631 555 616
37696 36804 551 587
37788 36794 551 597
37858 36739 552 590
37582 37086 552 587
38037 36616 551 599
37272 37372 549 606
37629 37018 555 589
38964 35708 554 600
33851 36038 552 549
36191 34663 555 547
35185 35891 551 546
35753 35767 552 561
34920 37294 558 558
35554 36774 554 558
35083 37398 554 551
36704 35825 555 552
35117 37393 558 552
35476 37120 555 556
35261 37327 553 551
35589 37224 552 552
34571 38355 559 558
36298 36652 554 550
35419 37786 552 552
36569 36575 556 556
36813 36376 555 551
36637 36563 560 560
37464 35860 552 548
36571 36753 554 554
36994 36502 556 559
36051 37505 561 556
36823 36878 561 560
36181 37504 561 556
37089 36588 559 552
37080 36640 553 556
36715 37030 553 555
36199 37537 559 555
35305 38490 551 554
37041 36725 551 555
37050 36783 559 562
35361 38505 557 557
36463 37427 553 565
37206 36700 553 552
34400 39550 556 566
36610 37347 564 555
37347 36612 550 555
36801 37272 555 556
37055 37071 549 557
37084 36995 549 573
37939 36217 554 560
37271 37066 560 562
36856 37438 552 563
36214 38238 556 560
36404 38094 556 570
38836 35682 556 564
37467 37113 556 559
37384 37234 552 560
38223 36342 557 566
36737 37846 557 561
37143 37506 555 568
36585 38089 554 561
37097 37649 561 567
37377 37379 552 569
37237 37534 552 564
38530 36231 554 563
37288 37534 556 565
37723 37053 555 567
38180 36620 554 567
38688 36164 552 569
38009 36845 557 571
38310 36515 551 582
37651 37216 559 570
38700 36199 557 574
32453 35619 575 613
34096 36227 577 618
34146 36865 570 617
35460 35696 572 612
33573 37675 574 614
33951 37271 578 621
34894 36465 571 610
35725 35844 574 619
33648 37948 572 622
35647 36067 581 631
35419 36222 575 614
34034 37739 577 615
35145 36793 576 615
35002 37016 575 613
35939 36433 575 616
35345 37008 575 618
33986 38382 575 621
36429 36019 576 615
36760 35752 576 614
36476 36151 580 611
35885 36715 575 618
35261 37514 578 614
34838 38124 576 612
37183 35753 578 608
36079 36887 581 614
37182 35934 577 611
35165 37875 572 612
35938 37210 574 615
35577 37719 575 617
35331 37980 573 616
35999 37239 575 609
36052 37344 572 625
36369 37032 575 612
37107 36337 575 612
35938 37408 578 615
35254 38196 576 612
37018 36363 578 612
35611 37796 576 617
35884 37561 575 619
35756 37777 587 617
36566 36983 579 618
36300 37216 578 613
36757 36802 575 614
36511 37021 573 618
35495 38120 570 617
36850 36742 577 615
35821 37784 574 620
37707 35999 577 610
36341 37371 576 618
36186 37476 584 612
37355 36332 580 609
35463 38263 579 614
36272 37548 572 632
37245 36503 579 611
35780 37976 572 614
35345 38470 573 617
36292 37501 574 636
37878 35963 577 621
36376 37448 576 625
35276 38652 574 613
38101 35750 577 616
37414 36488 578 618
36223 37696 586 622
37704 36140 588 612
34216 33817 573 586
34323 34695 578 589
34829 34615 575 589
32999 36498 572 607
34393 35117 567 587
35108 34593 573 593
34442 35575 571 592
34735 35288 569 589
35247 34789 568 593
34960 35308 578 593
35681 34681 569 587
35569 34939 577 586
35839 34788 571 587
35722 34923 569 589
34951 35775 574 590
36575 34257 572 589
34656 36207 568 593
35773 35063 571 588
36382 34611 570 589
34030 37014 572 587
35190 35867 565 587
35202 35867 570 587
35370 35699 571 590
35599 35630 572 593
35553 35703 571 592
35142 36115 568 587
35986 35355 572 590
36439 34832 571 585
35452 35929 569 591
34629 36773 574 589
34633 36788 573 590
35096 36281 581 587
35375 36024 570 586
35445 36013 565 587
36356 35116 569 591
35678 35780 573 591
36034 35472 576 592
35496 35987 583 587
36135 35300 577 587
36250 35248 570 589
36101 35423 575 588
36393 35167 577 587
36400 35166 563 592
35300 36255 567 587
35929 35753 569 586
37649 34059 570 598
35565 36028 566 601
37095 34549 576 588
37128 34563 570 588
35752 35984 574 591
36195 35514 566 590
38050 33735 568 591
37697 34264 567 588
37363 34648 565 598
36660 35261 572 591
37155 34852 573 590
37688 34293 568 587
37112 34881 571 591
39059 32903 575 592
37392 34663 571 587
37268 34722 586 594
36437 35573 576 587
37146 34868 572 592
37111 34964 569 587
